RES MET A  21   111.71  57.8  31.49  20.8  80.22 191.0  41.76  35.5  69.95  92.7
RES ARG A  22    77.63  32.6  63.22  32.2  14.41  34.3  70.44  96.3   7.19   4.4
RES VAL A  23    66.95  44.1  54.23  49.1  12.72  30.7  54.23  47.1  12.72  34.5
RES ILE A  24     6.32   3.6   6.32   4.7   0.00   0.0   6.32   4.5   0.00   0.0
RES ARG A  25    54.82  23.0  54.82  27.9   0.00   0.0  19.09  26.1  35.74  21.7
RES VAL A  26     0.00   0.0   0.00   0.0   0.00   0.0   0.00   0.0   0.00   0.0
RES GLY A  27     0.91   1.1   0.00   N/A   0.91   1.1   0.87   2.4   0.05   0.1
RES THR A  28     6.09   4.3   0.54   0.6   5.55  13.2   4.44   6.0   1.66   2.5
RES ARG A  29   123.91  52.0 122.31  62.3   1.60   3.8  42.30  57.8  81.61  49.5
RES LYS A  30   153.54  74.9 128.06  78.6  25.48  60.7  73.01  65.7  80.53  85.8
RES SER A  31    45.44  38.4  28.70  38.3  16.74  38.6  24.89  53.0  20.54  28.8
RES GLN A  32    97.32  54.4  87.32  63.8  10.00  23.8  36.32  77.3  61.00  46.3
RES LEU A  33    46.10  25.7  45.20  32.3   0.90   2.3  45.20  31.7   0.90   2.4
RES ALA A  34     6.84   6.3   3.78   5.8   3.07   7.0   5.10   7.2   1.74   4.6
RES ARG A  35    98.09  41.2  98.09  50.0   0.00   0.0  24.79  33.9  73.29  44.4
RES ILE A  36    52.39  29.8  50.03  37.3   2.36   5.7  51.42  37.0   0.98   2.7
RES GLN A  37     7.82   4.4   7.73   5.6   0.09   0.2   0.31   0.7   7.51   5.7
RES THR A  38     0.78   0.6   0.78   0.8   0.00   0.0   0.09   0.1   0.69   1.0
RES ASP A  39    61.30  42.9  56.62  56.4   4.68  11.1  27.65  65.1  33.65  33.6
RES SER A  40    52.71  44.5  41.66  55.6  11.05  25.5  45.49  96.9   7.22  10.1
RES VAL A  41     4.11   2.7   2.54   2.3   1.58   3.8   4.11   3.6   0.00   0.0
RES VAL A  42    19.18  12.6  19.18  17.4   0.00   0.0  19.18  16.7   0.00   0.0
RES ALA A  43    62.64  57.6  47.20  72.8  15.43  35.1  55.92  78.8   6.71  17.8
RES THR A  44    71.06  50.5  66.78  67.7   4.27  10.2  48.06  64.5  23.00  34.8
RES LEU A  45     1.89   1.1   1.89   1.4   0.00   0.0   1.89   1.3   0.00   0.0
RES LYS A  46    86.62  42.3  85.57  52.5   1.04   2.5  49.93  44.9  36.69  39.1
RES ALA A  47    79.45  73.1  47.91  73.9  31.55  71.8  60.38  85.0  19.07  50.5
RES SER A  48    49.17  41.5  18.73  25.0  30.44  70.1  17.55  37.4  31.61  44.3
RES TYR A  49    43.51  20.3  41.54  23.6   1.97   5.1  33.87  25.5   9.64  11.9
RES PRO A  50    94.11  68.6  79.17  72.2  14.94  54.3  79.42  65.6  14.69  91.3
RES GLY A  51    75.40  93.0   0.00   N/A  75.40  93.0  39.34 107.9  36.06  80.8
RES LEU A  52    37.79  21.0  34.20  24.5   3.60   9.0  36.71  25.8   1.09   2.9
RES GLN A  53   131.77  73.7 129.05  94.3   2.71   6.5  34.69  73.8  97.08  73.6
RES PHE A  54    37.16  18.6   5.96   3.7  31.20  81.2   5.96   3.6  31.20  89.3
RES GLU A  55    80.62  46.3  76.06  57.5   4.56  10.8  31.34  60.6  49.28  40.2
RES ILE A  56    62.26  35.4  35.94  26.8  26.32  63.4  35.94  25.9  26.32  71.4
RES ILE A  57    48.42  27.6  45.62  34.0   2.80   6.7  48.42  34.9   0.00   0.0
RES ALA A  58    40.14  36.9  15.85  24.5  24.29  55.3  15.85  22.3  24.29  64.4
RES MET A  59    89.38  46.3  49.12  32.5  40.27  95.9  59.43  50.5  29.95  39.7
RES LEU A  79   131.32  73.1  43.31  31.0  88.01 221.2  57.90  40.7  73.43 197.6
RES PHE A  80    75.70  37.9  52.09  32.3  23.61  61.4  62.33  37.8  13.37  38.3
RES THR A  81    24.11  17.1  19.15  19.4   4.95  11.8  10.95  14.7  13.16  19.9
RES LYS A  82    63.94  31.2  52.91  32.5  11.03  26.3  53.41  48.1  10.53  11.2
RES GLU A  83    64.36  37.0  52.70  39.9  11.67  27.8  57.70 111.6   6.67   5.4
RES LEU A  84     9.02   5.0   8.65   6.2   0.37   0.9   8.65   6.1   0.37   1.0
RES GLU A  85    16.61   9.5  16.61  12.6   0.00   0.0   2.94   5.7  13.67  11.2
RES HIS A  86    84.08  46.0  83.05  57.7   1.03   2.6  53.36  55.0  30.72  35.7
RES ALA A  87     2.53   2.3   1.88   2.9   0.66   1.5   2.26   3.2   0.27   0.7
RES LEU A  88     0.00   0.0   0.00   0.0   0.00   0.0   0.00   0.0   0.00   0.0
RES GLU A  89   124.45  71.5 101.43  76.7  23.02  54.8  34.90  67.5  89.55  73.1
RES LYS A  90   129.70  63.3 105.49  64.7  24.21  57.6  62.81  56.5  66.89  71.2
RES ASN A  91    85.27  58.8  78.56  75.9   6.70  16.1  21.74  52.3  63.52  61.4
RES GLU A  92    85.43  49.0  77.63  58.7   7.80  18.6  38.40  74.3  47.03  38.4
RES VAL A  93     0.07   0.0   0.07   0.1   0.00   0.0   0.07   0.1   0.00   0.0
RES ASP A  94    10.16   7.1  10.16  10.1   0.00   0.0   0.56   1.3   9.60   9.6
RES LEU A  95     0.78   0.4   0.78   0.6   0.00   0.0   0.78   0.6   0.00   0.0
RES VAL A  96     5.13   3.4   5.13   4.6   0.00   0.0   5.13   4.5   0.00   0.0
RES VAL A  97     9.57   6.3   0.00   0.0   9.57  23.1   0.00   0.0   9.57  26.0
RES HIS A  98    16.13   8.8  13.08   9.1   3.06   7.8  13.30  13.7   2.83   3.3
RES SER A  99    25.70  21.7  22.46  30.0   3.24   7.5  10.63  22.6  15.07  21.1
RES LEU A 100     2.08   1.2   0.34   0.2   1.73   4.4   0.34   0.2   1.73   4.7
RES LYS A 101    60.47  29.5  49.96  30.7  10.51  25.0  39.25  35.3  21.22  22.6
RES ASP A 102    74.07  51.9  59.70  59.4  14.37  34.0  16.32  38.4  57.74  57.6
RES LEU A 103     9.50   5.3   0.55   0.4   8.95  22.5   0.93   0.7   8.57  23.1
RES PRO A 104    80.27  58.5  67.77  61.8  12.50  45.4  79.84  65.9   0.42   2.6
RES THR A 105    19.92  14.2  17.10  17.3   2.82   6.7   7.08   9.5  12.83  19.4
RES VAL A 106    93.14  61.3  77.98  70.6  15.16  36.5  79.45  69.0  13.69  37.1
RES LEU A 107    12.38   6.9   0.76   0.5  11.62  29.2   1.39   1.0  10.98  29.6
RES PRO A 108    57.07  41.6  48.93  44.6   8.14  29.6  55.95  46.2   1.12   7.0
RES PRO A 109   134.73  98.2 108.37  98.8  26.36  95.8 120.31  99.3  14.42  89.6
RES GLY A 110    39.80  49.1   0.00   N/A  39.80  49.1  27.99  76.8  11.80  26.4
RES PHE A 111    11.54   5.8  10.30   6.4   1.24   3.2  10.30   6.2   1.24   3.6
RES THR A 112     1.58   1.1   1.58   1.6   0.00   0.0   1.58   2.1   0.00   0.0
RES ILE A 113     0.00   0.0   0.00   0.0   0.00   0.0   0.00   0.0   0.00   0.0
RES GLY A 114     0.82   1.0   0.00   N/A   0.82   1.0   0.00   0.0   0.82   1.8
RES ALA A 115     0.00   0.0   0.00   0.0   0.00   0.0   0.00   0.0   0.00   0.0
RES ILE A 116     0.00   0.0   0.00   0.0   0.00   0.0   0.00   0.0   0.00   0.0
RES CYS A 117    17.63  13.3  17.63  19.7   0.00   0.0  15.09  38.2   2.54   2.7
RES LYS A 118   116.58  56.9 107.31  65.8   9.26  22.1  65.65  59.1  50.92  54.2
RES ARG A 119    10.79   4.5   6.19   3.2   4.60  11.0   6.19   8.5   4.60   2.8
RES GLU A 120    41.80  24.0  40.50  30.6   1.31   3.1   5.15  10.0  36.65  29.9
RES ASN A 121    35.99  24.8  29.96  28.9   6.04  14.5  11.20  27.0  24.79  24.0
RES PRO A 122    16.55  12.1  16.55  15.1   0.00   0.0  16.55  13.7   0.00   0.0
RES HIS A 123    42.68  23.3  42.16  29.3   0.52   1.3  34.04  35.1   8.64  10.1
RES ASP A 124     0.22   0.2   0.01   0.0   0.20   0.5   0.01   0.0   0.20   0.2
RES ALA A 125     0.00   0.0   0.00   0.0   0.00   0.0   0.00   0.0   0.00   0.0
RES VAL A 126     0.00   0.0   0.00   0.0   0.00   0.0   0.00   0.0   0.00   0.0
RES VAL A 127     0.30   0.2   0.30   0.3   0.00   0.0   0.30   0.3   0.00   0.0
RES PHE A 128    14.97   7.5   6.59   4.1   8.38  21.8   6.59   4.0   8.38  24.0
RES HIS A 129    11.01   6.0  10.74   7.5   0.28   0.7  10.10  10.4   0.92   1.1
RES PRO A 130    71.91  52.4  39.79  36.3  32.12 116.7  49.68  41.0  22.22 138.1
RES LYS A 131   149.00  72.7 115.62  70.9  33.38  79.5  82.92  74.6  66.08  70.4
RES PHE A 132    38.74  19.4  37.30  23.1   1.43   3.7  38.74  23.5   0.00   0.0
RES VAL A 133   131.17  86.3 106.18  96.1  24.99  60.2 109.75  95.4  21.42  58.1
RES GLY A 134    78.03  96.2   0.00   N/A  78.03  96.2  42.41 116.4  35.62  79.8
RES LYS A 135    70.02  34.2  66.05  40.5   3.97   9.5  17.28  15.6  52.74  56.2
RES THR A 136    41.31  29.4  41.31  41.9   0.00   0.0  40.11  53.9   1.20   1.8
RES LEU A 137     2.93   1.6   0.00   0.0   2.93   7.4   0.00   0.0   2.93   7.9
RES GLU A 138    96.43  55.4  63.44  48.0  32.99  78.6  57.19 110.6  39.24  32.0
RES THR A 139    74.42  52.9  55.98  56.7  18.45  44.0  62.77  84.3  11.66  17.6
RES LEU A 140    14.92   8.3   0.00   0.0  14.92  37.5   0.00   0.0  14.92  40.1
RES PRO A 141    62.02  45.2  50.01  45.6  12.02  43.7  62.02  51.2   0.00   0.0
RES GLU A 142   121.27  69.6 105.90  80.1  15.36  36.6  38.84  75.1  82.43  67.3
RES LYS A 143   169.64  82.8 158.06  97.0  11.59  27.6 101.85  91.7  67.79  72.2
RES SER A 144     8.68   7.3   2.03   2.7   6.65  15.3   6.28  13.4   2.40   3.4
RES VAL A 145    26.05  17.1  25.61  23.2   0.44   1.1  25.61  22.2   0.44   1.2
RES VAL A 146     0.00   0.0   0.00   0.0   0.00   0.0   0.00   0.0   0.00   0.0
RES GLY A 147     0.12   0.1   0.00   N/A   0.12   0.1   0.00   0.0   0.12   0.3
RES THR A 148     5.30   3.8   0.52   0.5   4.78  11.4   0.15   0.2   5.15   7.8
RES SER A 149    53.64  45.3  24.23  32.3  29.41  67.8  28.91  61.6  24.74  34.7
RES SER A 150    30.40  25.7  23.22  31.0   7.18  16.5  23.76  50.6   6.63   9.3
RES LEU A 151    47.87  26.7  42.51  30.4   5.36  13.5  43.74  30.7   4.13  11.1
RES ARG A 152    12.95   5.4  11.95   6.1   0.99   2.4   6.89   9.4   6.06   3.7
RES ARG A 153    16.17   6.8  16.17   8.2   0.00   0.0   0.00   0.0  16.17   9.8
RES ALA A 154    20.05  18.4  20.05  30.9   0.00   0.0  20.05  28.2   0.00   0.0
RES ALA A 155     0.14   0.1   0.14   0.2   0.00   0.0   0.14   0.2   0.00   0.0
RES GLN A 156     6.91   3.9   4.82   3.5   2.09   5.0   2.45   5.2   4.46   3.4
RES LEU A 157     0.00   0.0   0.00   0.0   0.00   0.0   0.00   0.0   0.00   0.0
RES GLN A 158    61.55  34.4  56.42  41.2   5.13  12.2  14.43  30.7  47.12  35.7
RES ARG A 159   112.32  47.2  85.62  43.6  26.70  63.6  36.87  50.4  75.45  45.7
RES LYS A 160    95.50  46.6  76.49  46.9  19.01  45.3  36.09  32.5  59.41  63.3
RES PHE A 161    19.35   9.7  16.88  10.5   2.47   6.4  19.29  11.7   0.06   0.2
RES PRO A 162    95.38  69.5  65.41  59.6  29.97 108.9  70.36  58.1  25.02 155.5
RES HIS A 163   115.56  63.2 105.62  73.4   9.94  25.4  75.25  77.6  40.32  46.9
RES LEU A 164    17.36   9.7   5.71   4.1  11.65  29.3   6.35   4.5  11.01  29.6
RES GLU A 165    75.84  43.5  71.68  54.2   4.16   9.9  26.27  50.8  49.57  40.5
RES PHE A 166    22.91  11.5   1.16   0.7  21.76  56.6   1.69   1.0  21.22  60.7
RES ARG A 167   100.79  42.3  94.41  48.1   6.38  15.2  23.17  31.7  77.62  47.0
RES SER A 168    78.50  66.3  57.56  76.8  20.94  48.2  26.13  55.6  52.37  73.4
RES ILE A 169     6.36   3.6   1.34   1.0   5.02  12.1   6.36   4.6   0.00   0.0
RES ARG A 170   191.50  80.4 186.53  95.1   4.97  11.8  71.61  97.9 119.89  72.7
RES GLY A 171    37.86  46.7   0.00   N/A  37.86  46.7  22.82  62.6  15.05  33.7
RES ASN A 172    97.30  67.1  79.83  77.1  17.47  42.1  40.00  96.3  57.30  55.4
RES LEU A 173    26.18  14.6  19.62  14.0   6.56  16.5  20.43  14.3   5.75  15.5
RES ASN A 174    64.08  44.2  60.92  58.9   3.16   7.6  13.73  33.1  50.34  48.7
RES THR A 175    32.71  23.3  30.50  30.9   2.21   5.3   9.22  12.4  23.49  35.5
RES ARG A 176    39.67  16.7  39.67  20.2   0.00   0.0   3.17   4.3  36.50  22.1
RES LEU A 177     4.77   2.7   4.27   3.1   0.50   1.3   4.62   3.2   0.15   0.4
RES ARG A 178   110.53  46.4 101.60  51.8   8.93  21.3  48.42  66.2  62.11  37.6
RES LYS A 179    47.64  23.2  47.38  29.1   0.26   0.6  18.33  16.5  29.31  31.2
RES LEU A 180     0.16   0.1   0.00   0.0   0.16   0.4   0.00   0.0   0.16   0.4
RES ASP A 181    59.62  41.8  38.86  38.7  20.76  49.1  21.23  50.0  38.39  38.3
RES GLU A 182   122.98  70.6  89.34  67.6  33.64  80.1  38.63  74.7  84.35  68.9
RES GLN A 183    73.83  41.3  63.30  46.3  10.53  25.1  29.08  61.9  44.75  33.9
RES GLN A 184   145.69  81.5 117.81  86.1  27.88  66.4  42.32  90.1 103.37  78.4
RES GLU A 185    95.63  54.9  80.59  61.0  15.04  35.8  32.04  62.0  63.59  51.9
RES PHE A 186     8.33   4.2   6.95   4.3   1.38   3.6   7.23   4.4   1.10   3.2
RES SER A 187    15.33  13.0  14.35  19.1   0.99   2.3   0.85   1.8  14.49  20.3
RES ALA A 188     0.00   0.0   0.00   0.0   0.00   0.0   0.00   0.0   0.00   0.0
RES ILE A 189     0.00   0.0   0.00   0.0   0.00   0.0   0.00   0.0   0.00   0.0
RES ILE A 190     0.22   0.1   0.00   0.0   0.22   0.5   0.00   0.0   0.22   0.6
RES LEU A 191    12.11   6.7  11.82   8.5   0.29   0.7  12.11   8.5   0.00   0.0
RES ALA A 192    18.16  16.7  14.36  22.2   3.80   8.6  14.36  20.2   3.80  10.1
RES THR A 193     5.61   4.0   5.07   5.1   0.54   1.3   5.07   6.8   0.54   0.8
RES ALA A 194     3.03   2.8   2.87   4.4   0.16   0.4   3.03   4.3   0.00   0.0
RES GLY A 195     7.92   9.8   0.00   N/A   7.92   9.8   7.39  20.3   0.53   1.2
RES LEU A 196     0.10   0.1   0.10   0.1   0.00   0.0   0.10   0.1   0.00   0.0
RES GLN A 197    27.31  15.3  18.03  13.2   9.28  22.1   2.37   5.1  24.94  18.9
RES ARG A 198    43.97  18.5  27.39  14.0  16.58  39.5  19.63  26.8  24.34  14.7
RES MET A 199    22.78  11.8   7.03   4.7  15.75  37.5   8.43   7.2  14.35  19.0
RES GLY A 200    64.41  79.4   0.00   N/A  64.41  79.4  31.99  87.8  32.42  72.6
RES TRP A 201    75.50  30.3  69.48  33.6   6.02  14.1  67.80  36.2   7.70  12.5
RES HIS A 202    56.77  31.0  53.75  37.4   3.02   7.7  33.20  34.2  23.57  27.4
RES ASN A 203   119.30  82.3  91.50  88.4  27.79  66.9  33.10  79.7  86.20  83.3
RES ARG A 204    71.76  30.1  63.48  32.4   8.29  19.7  39.02  53.3  32.74  19.8
RES VAL A 205    12.79   8.4   5.90   5.3   6.89  16.6   6.25   5.4   6.54  17.7
RES GLY A 206    33.10  40.8   0.00   N/A  33.10  40.8  17.23  47.3  15.87  35.5
RES GLN A 207    20.40  11.4  18.20  13.3   2.20   5.2  12.36  26.3   8.05   6.1
RES ILE A 208    33.87  19.3  25.74  19.2   8.12  19.6  25.74  18.5   8.12  22.0
RES LEU A 209     0.20   0.1   0.00   0.0   0.20   0.5   0.00   0.0   0.20   0.5
RES HIS A 210    97.46  53.3  97.46  67.7   0.00   0.0  58.69  60.5  38.78  45.1
RES PRO A 211    43.28  31.5  37.82  34.5   5.45  19.8  39.23  32.4   4.05  25.2
RES GLU A 212   151.67  87.1 122.53  92.7  29.14  69.4  47.57  92.0 104.10  85.0
RES GLU A 213    20.85  12.0  17.35  13.1   3.51   8.3   3.98   7.7  16.88  13.8
RES CYS A 214     1.19   0.9   0.00   0.0   1.19   2.8   0.00   0.0   1.19   1.3
RES MET A 215     8.35   4.3   7.73   5.1   0.62   1.5   7.61   6.5   0.74   1.0
RES TYR A 216     2.30   1.1   2.01   1.1   0.29   0.8   1.63   1.2   0.66   0.8
RES ALA A 217    17.35  16.0  17.12  26.4   0.23   0.5  17.35  24.4   0.00   0.0
RES VAL A 218    13.59   8.9   8.06   7.3   5.52  13.3   8.06   7.0   5.52  15.0
RES GLY A 219     0.36   0.4   0.00   N/A   0.36   0.4   0.16   0.5   0.20   0.4
RES GLN A 220     2.14   1.2   1.79   1.3   0.35   0.8   2.14   4.6   0.00   0.0
RES GLY A 221     7.67   9.5   0.00   N/A   7.67   9.5   0.69   1.9   6.98  15.6
RES ALA A 222     1.96   1.8   0.00   0.0   1.96   4.5   0.00   0.0   1.96   5.2
RES LEU A 223     9.70   5.4   9.39   6.7   0.31   0.8   9.39   6.6   0.31   0.8
RES GLY A 224     0.00   0.0   0.00   N/A   0.00   0.0   0.00   0.0   0.00   0.0
RES VAL A 225     0.00   0.0   0.00   0.0   0.00   0.0   0.00   0.0   0.00   0.0
RES GLU A 226     0.00   0.0   0.00   0.0   0.00   0.0   0.00   0.0   0.00   0.0
RES VAL A 227     0.02   0.0   0.02   0.0   0.00   0.0   0.02   0.0   0.00   0.0
RES ARG A 228    32.84  13.8  32.55  16.6   0.29   0.7  24.80  33.9   8.04   4.9
RES ALA A 229    24.97  23.0  17.92  27.7   7.05  16.0  18.08  25.5   6.89  18.3
RES LYS A 230   184.00  89.8 164.99 101.2  19.01  45.3 114.63 103.2  69.37  73.9
RES ASP A 231    34.40  24.1  25.99  25.9   8.41  19.9  13.65  32.1  20.75  20.7
RES GLN A 232    92.97  52.0  88.89  65.0   4.08   9.7  19.62  41.8  73.35  55.6
RES ASP A 233    93.80  65.7  88.51  88.1   5.29  12.5  19.13  45.0  74.67  74.5
RES ILE A 234    14.29   8.1  14.29  10.6   0.00   0.0  14.29  10.3   0.00   0.0
RES LEU A 235    12.29   6.8   7.05   5.0   5.24  13.2   7.38   5.2   4.92  13.2
RES ASP A 236   104.89  73.5  87.36  87.0  17.53  41.5  32.16  75.7  72.73  72.5
RES LEU A 237    28.98  16.1  28.64  20.5   0.34   0.9  28.98  20.4   0.00   0.0
RES VAL A 238     1.15   0.8   1.15   1.0   0.00   0.0   1.15   1.0   0.00   0.0
RES GLY A 239     3.79   4.7   0.00   N/A   3.79   4.7   3.79  10.4   0.00   0.0
RES VAL A 240    67.12  44.2  44.23  40.0  22.89  55.2  47.59  41.3  19.53  53.0
RES LEU A 241    15.80   8.8   3.06   2.2  12.73  32.0   6.33   4.4   9.47  25.5
RES HIS A 242     9.78   5.3   0.51   0.4   9.27  23.7   0.33   0.3   9.45  11.0
RES ASP A 243    32.82  23.0  30.86  30.7   1.97   4.7   5.64  13.3  27.19  27.1
RES PRO A 244    30.78  22.4  30.78  28.1   0.00   0.0  30.78  25.4   0.00   0.0
RES GLU A 245    53.98  31.0  53.49  40.5   0.49   1.2   9.28  17.9  44.70  36.5
RES THR A 246     3.57   2.5   3.57   3.6   0.00   0.0   0.00   0.0   3.57   5.4
RES LEU A 247     0.00   0.0   0.00   0.0   0.00   0.0   0.00   0.0   0.00   0.0
RES LEU A 248     0.00   0.0   0.00   0.0   0.00   0.0   0.00   0.0   0.00   0.0
RES ARG A 249    24.15  10.1  24.15  12.3   0.00   0.0   0.00   0.0  24.15  14.6
RES CYS A 250     0.00   0.0   0.00   0.0   0.00   0.0   0.00   0.0   0.00   0.0
RES ILE A 251     0.92   0.5   0.92   0.7   0.00   0.0   0.92   0.7   0.00   0.0
RES ALA A 252     0.00   0.0   0.00   0.0   0.00   0.0   0.00   0.0   0.00   0.0
RES GLU A 253     0.00   0.0   0.00   0.0   0.00   0.0   0.00   0.0   0.00   0.0
RES ARG A 254     2.75   1.2   2.75   1.4   0.00   0.0   2.26   3.1   0.49   0.3
RES ALA A 255     2.29   2.1   0.73   1.1   1.57   3.6   1.57   2.2   0.72   1.9
RES PHE A 256     0.00   0.0   0.00   0.0   0.00   0.0   0.00   0.0   0.00   0.0
RES LEU A 257    48.73  27.1  45.96  32.9   2.77   7.0  45.96  32.3   2.77   7.5
RES ARG A 258   111.32  46.7  99.71  50.8  11.61  27.6  24.90  34.0  86.42  52.4
RES HIS A 259    70.98  38.8  57.28  39.8  13.70  35.0  41.56  42.8  29.41  34.2
RES LEU A 260     7.05   3.9   2.59   1.9   4.46  11.2   2.59   1.8   4.46  12.0
RES GLU A 261   118.53  68.1  51.38  38.9  67.16 159.9  88.72 171.6  29.82  24.3
RES CYS A 264   132.12  99.9  58.06  64.8  74.06 174.0  44.77 113.4  87.35  94.2
RES SER A 265    52.59  44.4  40.13  53.6  12.46  28.7  46.09  98.2   6.50   9.1
RES VAL A 266    38.41  25.3  30.70  27.8   7.72  18.6  30.70  26.7   7.72  20.9
RES PRO A 267     0.01   0.0   0.01   0.0   0.00   0.0   0.01   0.0   0.00   0.0
RES VAL A 268    10.17   6.7   5.65   5.1   4.51  10.9   5.65   4.9   4.51  12.2
RES ALA A 269     0.00   0.0   0.00   0.0   0.00   0.0   0.00   0.0   0.00   0.0
RES VAL A 270     0.00   0.0   0.00   0.0   0.00   0.0   0.00   0.0   0.00   0.0
RES HIS A 271    47.25  25.8  46.86  32.6   0.38   1.0  23.59  24.3  23.66  27.5
RES THR A 272     3.15   2.2   0.00   0.0   3.15   7.5   0.00   0.0   3.15   4.8
RES ALA A 273    16.24  14.9  16.16  24.9   0.08   0.2  16.24  22.9   0.00   0.0
RES MET A 274    15.23   7.9   5.04   3.3  10.20  24.3   5.58   4.7   9.66  12.8
RES LYS A 275    45.31  22.1  42.11  25.8   3.20   7.6  36.56  32.9   8.75   9.3
RES ASP A 276   117.66  82.4  72.99  72.6  44.67 105.6  40.97  96.4  76.69  76.5
RES GLY A 277    26.89  33.2   0.00   N/A  26.89  33.2  17.71  48.6   9.18  20.6
RES GLN A 278    33.15  18.5  33.15  24.2   0.00   0.0  12.61  26.9  20.54  15.6
RES LEU A 279     0.00   0.0   0.00   0.0   0.00   0.0   0.00   0.0   0.00   0.0
RES TYR A 280    70.87  33.1  70.87  40.3   0.01   0.0  46.24  34.8  24.63  30.4
RES LEU A 281     0.00   0.0   0.00   0.0   0.00   0.0   0.00   0.0   0.00   0.0
RES THR A 282    30.59  21.8  30.48  30.9   0.11   0.3  18.31  24.6  12.28  18.6
RES GLY A 283     0.00   0.0   0.00   N/A   0.00   0.0   0.00   0.0   0.00   0.0
RES GLY A 284     0.00   0.0   0.00   N/A   0.00   0.0   0.00   0.0   0.00   0.0
RES VAL A 285     0.00   0.0   0.00   0.0   0.00   0.0   0.00   0.0   0.00   0.0
RES TRP A 286     5.06   2.0   5.06   2.4   0.00   0.0   3.43   1.8   1.62   2.6
RES SER A 287    12.97  11.0  12.85  17.2   0.12   0.3  12.97  27.6   0.00   0.0
RES LEU A 288    88.02  49.0  77.29  55.3  10.73  27.0  78.06  54.8   9.96  26.8
RES ASP A 289    87.12  61.0  76.43  76.1  10.69  25.3  37.87  89.1  49.25  49.1
RES GLY A 290     0.22   0.3   0.00   N/A   0.22   0.3   0.16   0.4   0.06   0.1
RES SER A 291    75.29  63.6  48.93  65.3  26.37  60.7  49.44 105.3  25.85  36.2
RES ASP A 292    77.11  54.0  72.09  71.8   5.02  11.9  17.65  41.5  59.46  59.3
RES SER A 293    34.81  29.4   4.09   5.5  30.72  70.8   4.09   8.7  30.72  43.0
RES ILE A 294    16.54   9.4  12.85   9.6   3.69   8.9  16.54  11.9   0.00   0.0
RES GLN A 295    76.41  42.7  57.75  42.2  18.66  44.4  16.49  35.1  59.93  45.5
RES GLU A 296    52.10  29.9  47.18  35.7   4.92  11.7   6.76  13.1  45.35  37.0
RES THR A 297    80.02  56.9  53.64  54.4  26.38  62.9  36.88  49.5  43.14  65.2
RES MET A 298    54.19  28.1  48.40  32.0   5.79  13.8  48.42  41.2   5.77   7.6
RES GLN A 299   100.86  56.4  74.16  54.2  26.71  63.6  15.41  32.8  85.45  64.8
RES ALA A 300    31.96  29.4  25.20  38.9   6.76  15.4  31.96  45.0   0.00   0.0
RES THR A 301   110.27  78.4  84.89  86.1  25.37  60.5  61.49  82.6  48.77  73.7
RES ILE A 302     3.54   2.0   0.00   0.0   3.54   8.5   3.54   2.6   0.00   0.0
RES HIS A 303   124.18  67.9 116.22  80.8   7.96  20.4  89.50  92.2  34.68  40.4
RES VAL A 304    57.92  38.1  55.40  50.2   2.51   6.1  55.40  48.1   2.51   6.8
RES PRO A 305    11.69   8.5   5.00   4.6   6.69  24.3   8.54   7.1   3.14  19.5
RES ALA A 306    91.04  83.7  52.08  80.4  38.95  88.6  60.63  85.4  30.41  80.6
RES GLN A 307   147.64  82.6 138.95 101.5   8.70  20.7  47.80 101.7  99.84  75.7
RES HIS A 308   100.80  55.1  84.43  58.7  16.37  41.9  58.67  60.5  42.14  49.0
RES GLU A 309   102.47  58.8  88.29  66.8  14.18  33.8  36.86  71.3  65.61  53.6
RES ASP A 310   157.82 110.5 115.62 115.1  42.21  99.8  42.01  98.9 115.81 115.5
RES GLY A 311    22.54  27.8   0.00   N/A  22.54  27.8   6.98  19.2  15.56  34.8
RES PRO A 312    84.27  61.4  69.22  63.1  15.05  54.7  82.21  67.9   2.06  12.8
RES GLU A 313    49.22  28.3  41.83  31.6   7.40  17.6  41.83  80.9   7.40   6.0
RES ASP A 314   126.12  88.3  97.76  97.3  28.36  67.1  43.79 103.0  82.34  82.1
RES ASP A 315    53.78  37.7  40.64  40.4  13.15  31.1   6.24  14.7  47.54  47.4
RES PRO A 316    92.90  67.7  82.20  74.9  10.70  38.9  92.63  76.5   0.27   1.7
RES GLN A 317    71.82  40.2  54.36  39.7  17.46  41.6  21.42  45.6  50.40  38.2
RES LEU A 318    12.91   7.2  12.39   8.9   0.51   1.3  12.89   9.1   0.02   0.0
RES VAL A 319     1.62   1.1   0.49   0.4   1.14   2.7   0.49   0.4   1.13   3.1
RES GLY A 320     5.83   7.2   0.00   N/A   5.83   7.2   1.45   4.0   4.37   9.8
RES ILE A 321     4.22   2.4   0.99   0.7   3.23   7.8   0.99   0.7   3.23   8.8
RES THR A 322    19.81  14.1  16.35  16.6   3.46   8.3  10.87  14.6   8.94  13.5
RES ALA A 323    10.19   9.4   0.59   0.9   9.60  21.8   1.96   2.8   8.22  21.8
RES ARG A 324    62.13  26.1  49.76  25.4  12.38  29.5  35.15  48.0  26.98  16.4
RES ASN A 325    34.43  23.7  33.39  32.3   1.04   2.5  24.93  60.0   9.51   9.2
RES ILE A 326     8.61   4.9   3.06   2.3   5.55  13.4   3.25   2.3   5.36  14.5
RES PRO A 327    26.84  19.6  23.14  21.1   3.70  13.4  26.84  22.2   0.00   0.0
RES ARG A 328    63.78  26.8  57.36  29.2   6.42  15.3  35.21  48.1  28.56  17.3
RES GLY A 329    44.78  55.2   0.00   N/A  44.78  55.2  33.74  92.6  11.04  24.7
RES PRO A 330    25.96  18.9  23.28  21.2   2.69   9.8  25.60  21.1   0.36   2.2
RES GLN A 331     3.48   1.9   3.48   2.5   0.00   0.0   0.47   1.0   3.01   2.3
RES LEU A 332    68.43  38.1  68.37  48.9   0.06   0.2  68.37  48.0   0.06   0.2
RES ALA A 333    32.50  29.9  24.11  37.2   8.39  19.1  29.61  41.7   2.89   7.7
RES ALA A 334     0.00   0.0   0.00   0.0   0.00   0.0   0.00   0.0   0.00   0.0
RES GLN A 335    32.90  18.4  32.90  24.0   0.00   0.0   0.40   0.8  32.50  24.6
RES ASN A 336    84.39  58.2  83.11  80.3   1.27   3.1  20.12  48.4  64.26  62.1
RES LEU A 337     9.75   5.4   5.84   4.2   3.90   9.8   9.04   6.3   0.71   1.9
RES GLY A 338     0.00   0.0   0.00   N/A   0.00   0.0   0.00   0.0   0.00   0.0
RES ILE A 339    54.65  31.1  54.65  40.7   0.00   0.0  54.65  39.4   0.00   0.0
RES SER A 340    48.02  40.6  39.68  53.0   8.34  19.2  17.45  37.2  30.56  42.8
RES LEU A 341     0.00   0.0   0.00   0.0   0.00   0.0   0.00   0.0   0.00   0.0
RES ALA A 342     0.00   0.0   0.00   0.0   0.00   0.0   0.00   0.0   0.00   0.0
RES ASN A 343    71.06  49.0  67.26  65.0   3.81   9.2  23.35  56.2  47.72  46.1
RES LEU A 344    59.98  33.4  54.21  38.8   5.77  14.5  59.26  41.6   0.72   1.9
RES LEU A 345     0.00   0.0   0.00   0.0   0.00   0.0   0.00   0.0   0.00   0.0
RES LEU A 346    53.58  29.8  38.70  27.7  14.88  37.4  39.10  27.5  14.48  39.0
RES SER A 347    93.41  78.9  50.45  67.3  42.96  99.0  51.58 109.8  41.84  58.6
RES LYS A 348   113.47  55.4  85.02  52.2  28.45  67.7  56.27  50.7  57.19  60.9
RES GLY A 349    22.93  28.3   0.00   N/A  22.93  28.3  21.54  59.1   1.39   3.1
RES ALA A 350     0.00   0.0   0.00   0.0   0.00   0.0   0.00   0.0   0.00   0.0
RES LYS A 351   131.41  64.1 131.30  80.6   0.11   0.3  73.52  66.2  57.89  61.7
RES ASN A 352   104.50  72.1  96.87  93.6   7.62  18.4  38.54  92.8  65.96  63.8
RES ILE A 353    20.95  11.9  15.39  11.5   5.56  13.4  20.82  15.0   0.12   0.3
RES LEU A 354    18.37  10.2  13.81   9.9   4.56  11.5  13.90   9.8   4.47  12.0
RES ASP A 355    95.59  67.0  71.73  71.4  23.86  56.4  29.73  70.0  65.86  65.7
RES VAL A 356    75.92  50.0  51.78  46.9  24.14  58.2  61.91  53.8  14.01  38.0
RES ALA A 357     0.40   0.4   0.40   0.6   0.00   0.0   0.40   0.6   0.00   0.0
RES ARG A 358   170.91  71.8 158.36  80.7  12.55  29.9  56.68  77.5 114.23  69.2
RES GLN A 359    91.15  51.0  21.72  15.9  69.43 165.3  47.28 100.6  43.87  33.3
